10
4
53539 0 0
7056 0 1
0 0 2
0 0 3
4606 1 0
38900 1 1
0 1 2
53421 1 3
51106 2 0
0 2 1
46818 2 2
61573 2 3
0 3 0
0 3 1
3205 3 2
0 3 3
10
4
63147 0 0
0 0 1
520 0 2
29721 0 3
37677 1 0
0 1 1
0 1 2
0 1 3
0 2 0
21293 2 1
13632 2 2
41156 2 3
0 3 0
0 3 1
0 3 2
0 3 3
10
4
5266 0 0
14443 0 1
0 0 2
591 0 3
46794 1 0
23910 1 1
22117 1 2
0 1 3
0 2 0
45976 2 1
59098 2 2
51798 2 3
27691 3 0
0 3 1
0 3 2
0 3 3
10
4
35374 0 0
26955 0 1
39951 0 2
32580 0 3
28767 1 0
2946 1 1
0 1 2
12493 1 3
0 2 0
0 2 1
63540 2 2
0 2 3
0 3 0
8336 3 1
56871 3 2
5498 3 3
10
4
39498 0 0
8704 0 1
4255 0 2
24218 0 3
0 1 0
0 1 1
28155 1 2
61666 1 3
0 2 0
45562 2 1
0 2 2
19207 2 3
0 3 0
38904 3 1
42270 3 2
36314 3 3
10
4
4536 0 0
36261 0 1
5215 0 2
3890 0 3
0 1 0
40999 1 1
36407 1 2
55631 1 3
36251 2 0
4281 2 1
59978 2 2
0 2 3
6588 3 0
0 3 1
1788 3 2
31822 3 3
10
4
37967 0 0
64137 0 1
30087 0 2
0 0 3
0 1 0
0 1 1
7275 1 2
47630 1 3
0 2 0
0 2 1
47650 2 2
0 2 3
25229 3 0
0 3 1
41018 3 2
0 3 3
10
4
33816 0 0
0 0 1
0 0 2
32700 0 3
22986 1 0
45128 1 1
46458 1 2
0 1 3
0 2 0
43447 2 1
24610 2 2
57076 2 3
0 3 0
45862 3 1
58458 3 2
27468 3 3
10
4
0 0 0
35486 0 1
0 0 2
21724 0 3
60992 1 0
20231 1 1
17930 1 2
65166 1 3
0 2 0
0 2 1
61264 2 2
25727 2 3
0 3 0
36075 3 1
0 3 2
64017 3 3
10
4
41158 0 0
45867 0 1
48592 0 2
0 0 3
24331 1 0
24119 1 1
0 1 2
0 1 3
3515 2 0
50637 2 1
4821 2 2
13021 2 3
45236 3 0
27790 3 1
46661 3 2
56217 3 3
10
4
48863 0 0
39195 0 1
0 0 2
35794 0 3
0 1 0
0 1 1
2457 1 2
58470 1 3
0 2 0
54944 2 1
0 2 2
33190 2 3
51837 3 0
11290 3 1
0 3 2
28798 3 3
10
4
34558 0 0
0 0 1
26294 0 2
38332 0 3
24251 1 0
22555 1 1
28979 1 2
0 1 3
17309 2 0
0 2 1
10684 2 2
0 2 3
38671 3 0
60991 3 1
0 3 2
29086 3 3
10
4
0 0 0
39108 0 1
18649 0 2
28037 0 3
0 1 0
0 1 1
0 1 2
48041 1 3
0 2 0
0 2 1
21391 2 2
0 2 3
26436 3 0
0 3 1
63511 3 2
25617 3 3
10
4
28591 0 0
12076 0 1
44412 0 2
30221 0 3
0 1 0
45205 1 1
0 1 2
24220 1 3
0 2 0
0 2 1
15936 2 2
40475 2 3
0 3 0
63720 3 1
0 3 2
0 3 3
10
4
0 0 0
49965 0 1
0 0 2
751 0 3
0 1 0
0 1 1
58442 1 2
0 1 3
21063 2 0
12288 2 1
0 2 2
25971 2 3
0 3 0
0 3 1
0 3 2
0 3 3
10
4
0 0 0
0 0 1
0 0 2
0 0 3
0 1 0
48970 1 1
21297 1 2
56950 1 3
0 2 0
62794 2 1
47731 2 2
8819 2 3
43896 3 0
0 3 1
8517 3 2
608 3 3
10
4
0 0 0
35085 0 1
29797 0 2
0 0 3
0 1 0
0 1 1
0 1 2
56973 1 3
1275 2 0
61504 2 1
36032 2 2
0 2 3
44936 3 0
30173 3 1
49951 3 2
37145 3 3
10
4
0 0 0
0 0 1
2868 0 2
0 0 3
33508 1 0
0 1 1
12212 1 2
48661 1 3
0 2 0
49819 2 1
11980 2 2
39633 2 3
0 3 0
9819 3 1
22604 3 2
0 3 3
10
4
33871 0 0
17865 0 1
22692 0 2
0 0 3
41422 1 0
0 1 1
56241 1 2
60907 1 3
4797 2 0
51047 2 1
17191 2 2
6069 2 3
33949 3 0
0 3 1
0 3 2
0 3 3
10
4
43279 0 0
0 0 1
56587 0 2
0 0 3
38851 1 0
2840 1 1
51022 1 2
20207 1 3
19346 2 0
0 2 1
65355 2 2
4014 2 3
11899 3 0
0 3 1
25356 3 2
18313 3 3
10
4
0 0 0
0 0 1
0 0 2
0 0 3
0 1 0
62339 1 1
5001 1 2
0 1 3
0 2 0
0 2 1
38418 2 2
0 2 3
58680 3 0
39634 3 1
4882 3 2
11976 3 3
10
4
26206 0 0
34712 0 1
19615 0 2
0 0 3
58512 1 0
23524 1 1
30897 1 2
47666 1 3
38771 2 0
0 2 1
51557 2 2
50818 2 3
18278 3 0
0 3 1
0 3 2
44063 3 3
10
4
0 0 0
0 0 1
0 0 2
36607 0 3
38108 1 0
34189 1 1
22211 1 2
57674 1 3
20466 2 0
0 2 1
1100 2 2
0 2 3
62103 3 0
0 3 1
1520 3 2
0 3 3
10
4
45880 0 0
0 0 1
11199 0 2
0 0 3
32283 1 0
0 1 1
0 1 2
0 1 3
0 2 0
0 2 1
0 2 2
8593 2 3
13568 3 0
0 3 1
0 3 2
32814 3 3
10
4
5318 0 0
0 0 1
0 0 2
41175 0 3
0 1 0
43969 1 1
64843 1 2
58576 1 3
53651 2 0
6195 2 1
57628 2 2
35558 2 3
9973 3 0
56010 3 1
64768 3 2
0 3 3
10
4
54823 0 0
33182 0 1
0 0 2
45884 0 3
0 1 0
0 1 1
59472 1 2
22272 1 3
63117 2 0
20745 2 1
37997 2 2
59347 2 3
55764 3 0
34612 3 1
0 3 2
24715 3 3
10
4
0 0 0
38319 0 1
0 0 2
16341 0 3
0 1 0
0 1 1
5275 1 2
16179 1 3
0 2 0
0 2 1
17825 2 2
0 2 3
0 3 0
24675 3 1
22176 3 2
53828 3 3
10
4
0 0 0
0 0 1
46308 0 2
0 0 3
58288 1 0
54311 1 1
0 1 2
63363 1 3
13058 2 0
0 2 1
0 2 2
2876 2 3
0 3 0
6907 3 1
15243 3 2
33351 3 3
10
4
11137 0 0
11856 0 1
45658 0 2
38421 0 3
0 1 0
31569 1 1
0 1 2
0 1 3
0 2 0
0 2 1
39288 2 2
0 2 3
53769 3 0
44781 3 1
21264 3 2
0 3 3
10
4
0 0 0
0 0 1
27764 0 2
56272 0 3
43262 1 0
0 1 1
1665 1 2
9329 1 3
0 2 0
60890 2 1
0 2 2
0 2 3
62775 3 0
13979 3 1
6156 3 2
43294 3 3
10
4
17678 0 0
0 0 1
0 0 2
28651 0 3
65479 1 0
58857 1 1
58912 1 2
34758 1 3
0 2 0
49982 2 1
64594 2 2
0 2 3
0 3 0
21804 3 1
0 3 2
6231 3 3
10
4
17800 0 0
19150 0 1
56001 0 2
50152 0 3
12518 1 0
0 1 1
0 1 2
45845 1 3
6876 2 0
24526 2 1
0 2 2
0 2 3
41976 3 0
0 3 1
58914 3 2
0 3 3
